7850
8619
8973
9965
10245
6278
5850
5933
5828
5642
6258
6335
6419
6863
6872
6885
7432
7464
7480
9113
9431
8828
8205
8267
8407
8456
5943
5132
5205
5216
7122
7949
7950
10402
10845
10853
8097
8646
6856
5494
5508
5600
5325
5405
5442
5171
5227
5350
5378
5271
6088
6251
5630
5726
5751
5759
5821
5899
6823
6782
6783
6576
5789
6598
6602
6496
6355
6248
6291
6303
6321
7428
7430
8478
7165
7206
6960
7001
8663
7072
8291
8303
8120
8130
8139
8000
8003
8024
7876
7867
7870
7728
7736
8330
7774
7564
7620
7624
7657
9444
9351
9126
9160
9161
9189
9194
9006
9985
9150
10066
10088
10091
9624
10886
10892
10778
10810
10404
9609
10388
10463
10336
10688
10468
10770
9903
9516
7738
7971
8167
8480
8464
6320
6838
5756
5715
5716
5638
5680
6113
6141
6729
7246
8809
10823
10489
8298
8203
8086
8920
8844
5583
5528
7057
6708
8774
8437
8304
8142
8958
9442
10035
6134
6023
6371
6385
6520
6583
7109
7354
7469
7055
7615
7627
8107
7957
8015
8259
5524
8405
8705
8595
9971
9283
7096
6148
7091
4995
5015
8720
8601
8590
8654
8687
8440
8404
8264
8204
8230
9541
8871
8906
8978
9011
9199
9203
10228
9915
9926
9927
9896
9897
9872
9836
9855
9819
9826
9752
9761
9704
9710
9650
9651
7184
7166
7855
9978
9998
7530
6605
6608
6657
6672
6773
6409
6414
6387
6394
6332
6090
5947
5724
5752
5898
10082
10183
5317
5120
5138
5106
10855
10803
10804
10765
10717
10757
10474
10458
5069
10366
10329
5785
6050
8951
7838
5846
7869
10493
10496
10479
10480
10540
10557
10751
9408
5413
5349
5509
6347
8780
7964
9353
10351
10417
10445
10807
10815
10852
10863
10471
7837
7877
7938
7983
8186
8154
8118
7842
7856
7798
7800
7821
7739
7741
7617
7598
7542
8747
8706
8855
8857
8851
8077
8830
8821
8794
8689
8675
8587
8557
8215
8209
8239
8329
8326
9557
9588
9494
9502
9358
9339
8357
9375
8891
8880
9020
9002
8993
8999
9046
9127
9124
9731
9815
9790
9868
9893
9197
10227
10266
10087
6342
6343
6345
6435
6437
6475
6442
6464
6511
6497
6489
6502
6505
6555
6557
6829
6806
6737
6761
6766
6676
6685
6690
6696
6266
6279
6538
7210
7195
7171
7188
7075
7060
7089
7015
7027
6976
6961
7336
7339
7345
7364
7311
7217
7227
6954
6888
7388
7391
5503
5471
5615
5613
5558
5457
5256
5266
5238
5179
5077
5081
5099
5046
5856
5863
5746
5743
5771
5727
5723
5831
5698
5663
5648
5658
5659
6052
6014
6043
5945
5990
6206
6211
6036
6058
5302
5344
5584
6818
6869
8400
8463
8672
7671
8241
8168
8137
7999
7641
7554
8811
8804
8776
9262
9290
9359
9360
8782
9577
9447
9155
9215
8967
8915
8956
8927
9787
9798
9713
9701
9677
8983
10052
10043
10163
10186
6882
7450
7393
7179
5851
10713
10740
10746
5718
6041
6169
5052
5303
5304
7077
6884
6905
7418
7496
7263
7360
6721
6767
7182
7167
7128
6259
6316
10255
8945
9165
9434
9287
8497
8521
8211
8361
8573
8574
8575
8576
10096
7816
7941
7953
7993
7994
8016
9608
7472
10411
7124
7183
6179
5993
5801
7607
8693
7634
7948
6214
6167
6096
6114
5048
5036
6333
6733
10442
10764
6136
6844
7889
7970
7956
5482
9913
10244
10264
10726
10472
10883
8644
8849
6662
6727
6755
7231
6944
7017
5776
5676
8233
7693
8942
9095
8049
8109
8202
8333
8505
5684
5747
5711
5735
5731
6215
5967
5955
9756
7578
6082
5597
5364
5068
5002
5309
6935
7063
7396
6350
6283
10760
10450
8025
6674
10509
7834
8466
7670
7652
9180
5554
6993
6720
6858
10338
10339
10308
10719
10745
10825
10806
10851
6325
6360
6310
6311
6312
6561
6412
10310
10390
10452
10363
6868
6846
6754
6742
6607
6697
6653
6595
6596
6590
6629
7022
7041
7204
7260
7264
7272
7273
7293
7214
7302
7453
7442
7483
7478
7520
5559
5557
5566
5576
5587
5485
5010
5021
5047
6054
6020
6031
6034
5501
5946
5948
5950
6131
6145
6116
6123
6107
6210
6183
5792
5786
5781
5852
5836
5876
5888
5889
5860
5874
5897
5902
5925
5926
9044
9175
5959
5964
5982
5722
5712
5700
5703
5706
5749
5745
5629
5631
5799
5815
9373
9569
9519
9684
9675
9647
5992
6008
10054
8382
8409
8448
8515
8363
8318
8216
8727
8600
7853
7804
7737
7546
7541
7577
7590
7973
8176
8197
8136
8144
8300
9443
5869
10563
10529
6158
6102
6127
6205
6201
6197
6221
6228
7782
7678
7579
10469
5976
5927
5918
5901
5822
5624
5643
5696
5709
5024
5124
5133
5154
5466
5499
5526
5595
5612
5563
7521
5539
7439
7390
7296
7318
7375
7349
7219
7236
7192
7161
7117
7102
7106
7019
6991
6619
6686
6687
6725
6835
6839
6866
9465
9399
9355
9298
6567
6300
9089
9145
8949
8921
8922
9954
10241
9766
9916
9939
9885
8338
8268
8379
8402
8523
8528
8700
8803
8127
8159
8157
8082
7979
7965
8031
7881
7882
7592
8443
7633
7777
7780
7857
8058
5395
10868
10775
5463
7000
7201
7230
8465
7131
6426
5159
5714
6060
7078
8824
8188
6514
4993
5542
5599
5461
9413
10744
5431
5865
5871
6679
8807
8612
9476
7064
7115
7116
7107
7108
7111
7286
7254
7258
7347
7367
7368
7369
7370
7298
7308
7425
7519
7509
7503
7504
7505
7535
7475
7459
6681
7103
7104
7087
6899
7049
7197
6714
6585
6580
6611
6617
6630
6633
6635
6286
6398
6365
6225
6208
6189
6186
6182
6115
6109
6093
6147
6153
6154
6168
6143
6132
6138
6066
6078
6084
6089
6013
6017
6011
6015
5962
5944
5940
5985
5873
5870
5861
5849
5877
5884
5885
5895
5896
5922
6817
6814
6743
6748
6798
6809
6531
6571
6543
6457
6302
6305
6315
6853
6877
6295
5814
5829
5854
5841
5817
5809
5810
5675
5689
5687
5633
5661
5651
5641
5647
5699
5734
5774
5430
5433
5436
5437
5441
5444
5445
5459
5456
5451
5397
5422
5423
5427
5402
5417
5341
5316
5323
5909
5408
5371
5373
5383
5385
5561
5610
5606
5469
5540
5532
4986
4988
4991
4992
5014
5004
5522
4994
5039
5033
5089
5212
5042
5105
5062
5065
5078
10123
10171
10212
10239
10249
10251
10258
10184
10214
10220
10209
10202
10000
9959
9950
9953
9727
9728
9733
9734
9720
9711
9692
9687
9688
9689
9694
9705
9706
9707
9768
9762
9763
9772
9774
9750
9751
9739
9740
9736
9737
9663
9664
9674
9667
9681
9682
9586
9616
9614
9636
9623
9938
9912
9908
9810
9823
9820
9800
9802
9806
9808
9782
9783
9792
9793
9830
9831
9837
9839
9842
9863
9895
9898
9860
9861
9849
9009
8910
8936
8955
9184
9185
8890
8877
9076
9117
9118
9477
9446
9467
9486
9469
9470
9471
9453
9422
9418
9081
9047
9073
9134
9122
9524
9531
9532
9535
9496
9507
9570
9555
9546
9301
9305
9403
9390
9395
9383
9368
9282
9253
9254
9249
8337
8311
8312
8313
8275
8276
8253
8511
8477
8502
8388
8427
8428
8412
8432
8435
8596
8592
8200
8460
8534
8578
8647
8664
8632
8637
8638
8621
8673
8670
8697
8640
8843
8833
8845
8741
8777
8778
8752
8759
8760
8761
8189
8190
8191
8196
8715
8738
8739
8797
8134
8091
7879
7888
7896
7935
7933
7926
7928
8021
8023
7967
7974
7836
7839
7807
7809
8119
8146
8039
8046
8047
7706
7708
7781
7759
7749
7635
7688
7583
7601
7529
7571
7563
10727
10709
10720
10569
10687
10533
10505
10521
10481
10498
10387
7830
10305
10306
10781
10789
10794
10809
10821
10822
10835
10311
10314
10315
10293
10890
10838
10462
10371
10708
7584
7689
7665
7669
7648
7771
7733
8858
8246
9844
7927
5963
6067
6103
6104
6099
6171
6352
6265
5152
5420
6821
7377
7351
7265
6456
5952
5484
8258
8283
8356
7673
8677
5161
5102
6047
6092
5864
10766
7642
6874
7525
7066
7113
7385
6734
6001
9204
8950
10095
8537
8767
8336
8413
7690
10881
10857
10487
10725
10284
7962
8150
10870
7811
7637
7586
8479
8308
8252
8721
8553
10226
8112
7963
9906
9558
9460
5067
5141
5912
5732
5654
6578
6565
7193
6987
6906
7330
4997
5190
5390
5551
6252
7304
6372
6834
9419
9425
9236
8447
7575
7840
7721
7723
10714
10508
10818
7618
8667
8177
7643
8492
8493
8438
8699
9656
9657
9660
9671
9676
9597
9741
9758
9753
9708
9702
9680
9696
9722
9723
9891
9892
9850
9845
9832
9829
9794
9786
9788
9809
9801
9804
9813
9814
9098
9048
9149
6795
7489
7536
7434
6606
6351
5656
6139
6900
5361
8559
8531
8017
10862
10502
10531
10287
10879
10777
8103
10112
9474
9540
9520
9521
9515
9550
9579
9129
9487
9951
10250
5022
5095
5951
6364
6594
6673
7144
7157
7441
7384
7220
6986
6264
5483
9163
8974
6098
9271
9936
8709
8416
7742
8143
7919
10878
10341
10460
10492
5449
7270
9726
9033
7638
8307
8633
7251
6245
7819
6297
7337
8207
10833
6111
5144
6609
6698
6807
6842
6501
5702
5981
5034
5867
6383
7245
6972
7018
7010
5835
9030
8900
8878
8630
8758
7595
7277
7410
6222
5913
9377
7380
7417
7531
7460
7257
7249
7344
7376
7079
7133
7212
7034
7038
6887
6908
6909
6911
6933
6945
6378
6374
6391
6260
6562
6541
6811
6871
6862
6792
6790
6777
6631
6440
6452
6460
5848
5802
5738
5660
5640
5667
6094
6159
6019
6076
5305
5211
5157
5150
5312
5392
5578
9164
8867
8903
8912
8939
8184
8059
8057
8104
8072
7557
7776
7827
7746
7717
7770
8729
8726
8820
8791
9553
9265
5355
5388
10191
10248
10229
7921
7916
8152
8682
10798
10795
7786
10203
9884
9235
9092
5862
7448
7523
7312
7279
6896
6581
6772
6271
6322
5772
8507
9061
8957
8591
8603
8321
8272
8273
8368
10362
7178
6815
6121
8783
8789
8232
7920
7924
7891
8923
9066
6184
6006
5129
5066
6369
6546
7110
6917
10313
7486
7333
6308
10731
10702
5562
5923
6080
9617
9645
8985
9267
7720
9437
9028
9036
9085
9167
9222
9889
8645
9556
10536
8469
8611
8498
8377
8390
8394
8396
8218
7606
8166
6718
6688
6660
7325
7276
7282
7232
7456
7538
7386
6994
5167
6381
6358
6341
6346
6500
7127
7037
7322
6634
6854
5553
7765
9631
8302
6978
6966
7194
7342
6591
6108
5535
8052
10113
9087
9001
5108
6180
6637
5198
9445
8288
10446
8385
7062
7080
6640
6805
6791
6768
6536
5109
5143
6166
6160
5978
5778
8228
8763
8764
8769
8751
8708
8773
8656
8657
8037
7751
7572
10454
10771
8110
8028
8426
8533
8520
5875
5833
5574
5443
6516
6526
6458
6850
6865
6593
6597
6664
6651
5029
7112
7174
5090
9629
9274
8879
7939
7612
10316
10828
7810
8852
6021
7451
6363
8710
10443
10570
10457
10522
8795
8359
8004
8055
8938
8966
9344
7189
6175
5679
5692
5550
5477
5507
5598
5467
5012
5671
5758
5893
6128
5175
6195
7409
7532
7533
7328
7303
7224
7259
6830
6833
6399
6477
9518
9424
9405
9187
9661
9833
10154
8149
7984
7922
7908
7825
7848
7593
7552
8406
8513
8474
8461
8219
8244
8316
8339
8848
8744
10543
7792
7705
10283
10867
7374
7198
5891
5906
6247
6122
7682
10090
7295
6309
6198
5690
7968
8381
9329
8393
8583
5363
5502
6816
6270
7341
7185
10869
10861
10334
10342
10698
5514
7729
5886
5956
5892
8434
9552
9638
9062
8995
8102
8172
8005
8006
8026
7904
7779
7863
7832
7585
8392
8210
8354
8349
8366
8281
8623
9781
8036
8827
5455
5391
8604
5500
5605
5564
5568
5980
6003
5998
6199
6176
6120
7199
7200
7143
7146
7118
7120
7002
6977
7013
7023
6919
6897
6892
7468
7429
7414
7421
6293
6354
6344
5202
5880
5887
5878
5910
6427
6847
6852
6873
6586
6646
6623
10691
10759
10747
5053
5057
10409
10430
10295
10312
10567
6459
6339
6334
6337
6328
7479
7512
7239
10871
6832
6756
6738
6953
7213
7208
6129
6188
6200
5960
6044
5769
5879
5858
8639
8571
8295
8265
8452
8495
8504
7740
8098
9032
9109
9166
9400
9429
9472
9564
9566
9599
9770
9805
9495
8147
7724
5356
5376
7864
7868
9964
10179
7608
7932
7943
8703
5217
5185
5924
6224
8940
6904
6357
10554
10560
10515
10762
6840
6859
6638
6575
7207
7162
7350
7297
7463
6220
6191
6077
10340
5295
5001
5321
5601
8813
8616
8439
8455
8367
7797
7789
8913
9511
9969
9942
9700
8617
5621
7003
6624
6707
6349
10783
10875
10690
10737
10841
7515
7527
7316
7294
5372
8007
7988
7843
7844
8545
9038
10216
7887
8193
10247
5519
5506
5017
5938
7028
7100
6359
6304
6711
7363
8746
10075
9007
9463
7070
8581
7502
7427
7599
7555
8084
8081
8686
8805
8784
9489
9498
9391
9603
6927
7300
7506
6867
6870
6313
10262
10221
9646
6118
6146
5953
5954
5958
5977
6042
6037
5764
5626
5928
5907
5882
5791
5847
5008
5137
5199
5581
5567
10864
5813
5628
6886
6836
7526
10061
9448
8655
7619
10769
7902
8490
9207
9151
9769
7482
7501
7516
9139
7461
7216
7012
7035
6070
5935
5931
5537
5415
5460
10537
10831
10858
5866
9882
9854
9130
10297
8904
8306
8297
8206
8284
8285
8229
8484
8475
8414
8415
8420
8431
8806
8737
8731
8622
8847
8556
7942
8009
8030
8012
8088
8056
7885
8117
8126
8198
8192
7795
7594
7587
7570
7684
7630
7631
9397
9398
9326
9348
9260
9292
9484
9493
9568
8870
8875
8937
8943
9031
8988
8969
9211
9853
7644
9771
9754
9759
9633
10097
10256
10260
10240
10023
5855
5742
5755
5707
5725
6086
6039
6022
6142
6229
5197
5209
5125
5080
5074
5025
5458
5447
5314
5493
5472
5480
5541
5513
5520
5516
5546
5543
5548
5589
7147
7138
7196
7074
7050
7025
6982
6984
7007
6995
6996
6910
6946
6947
7223
7299
7356
7436
7445
7382
7462
7517
7511
5237
5252
6828
6577
6329
6330
6323
6301
6338
6390
6370
6406
6491
6568
10354
10410
10385
10438
10473
10696
10742
10711
10729
10542
6875
6876
6740
6736
6728
6730
6758
6655
10562
10523
10829
10812
10792
10782
10779
10767
10763
10761
10774
10776
10834
10836
10837
10826
10827
10824
10843
10847
10860
10791
10796
10797
10877
10884
10885
10893
10889
10526
10516
10517
10513
10514
10503
10486
10799
10499
10501
10495
10561
10519
10520
10555
10564
10535
10546
10547
10548
10549
10550
10551
10730
10732
10734
10741
10755
10697
10692
10693
10573
10685
10704
10710
10465
10466
10440
10453
10461
10397
10398
10393
10425
10357
10359
10364
10322
10331
10327
10324
10303
10304
10309
10374
10376
10431
10432
10280
10275
10278
6566
6563
6564
6558
6556
6518
6519
6537
6542
6539
6540
6547
6548
6549
6544
6545
6494
6498
6499
6503
6504
6506
6507
6508
10290
10291
6554
6528
6529
6530
6532
6534
6515
6513
6523
6525
6407
6408
6405
6413
6428
6429
6421
6422
6425
6439
6445
6415
6417
6432
6433
6434
6465
6461
6462
6463
6453
6454
6482
6484
6485
6487
6488
6470
6443
6478
6480
6473
6474
6476
6467
6447
6375
6373
6382
6384
6400
6401
6402
6395
6396
6397
6353
6356
6292
6298
6340
6296
6331
6267
6263
6261
6282
6284
6288
6289
6290
6579
6599
6604
6625
6250
6272
6273
6274
6613
6614
6620
6622
6643
6647
6649
6650
6636
6632
6663
6645
6652
6677
6678
6667
6668
6669
6670
6671
6675
6719
6723
6724
6713
6709
6710
6717
6715
6658
6703
6705
6706
6699
6700
6701
6692
6694
6751
6752
6753
6760
6769
6746
6802
6803
6804
6810
6794
6797
6799
6765
6779
6780
6781
6774
6775
6776
6883
6880
6881
6864
6857
6827
6831
6824
6813
6820
6841
6843
7507
6771
6735
6741
6739
6786
6787
6789
7488
7490
7491
7498
7499
7494
7476
7477
7471
7474
7387
7378
7395
7405
7406
7403
7397
7399
7446
7444
7455
7431
7422
7423
7355
7338
7343
7314
7315
7317
7324
7366
7361
7307
7331
7332
7234
7241
7243
7244
7250
7248
7226
7228
7278
7284
7290
7291
7292
7252
7255
7262
6949
6950
6936
6939
6941
6943
6967
6965
6934
6924
6925
6955
6956
6958
6959
6898
6969
6970
6971
6963
6894
6895
6889
7008
7005
7006
6985
6983
6990
6973
6974
6980
6981
7026
7029
7030
7031
7032
6913
6914
6915
6916
6928
6929
6930
6931
6902
6918
6992
7016
7047
7044
7067
7069
7065
7059
7081
7082
7083
7085
7086
7021
7073
7099
7092
7094
7095
7105
7121
7134
7132
7125
7126
7129
7130
7172
7190
7140
7141
7137
7148
7159
7175
7176
7177
7168
5590
5592
7187
7153
7154
7156
5585
5586
5616
5617
5618
5619
5607
5608
5596
5544
5552
5555
5572
5515
5533
5534
5525
5486
5478
5511
5315
5300
5328
5339
5342
5343
5345
5336
5337
5333
5331
5374
5375
5386
5358
5359
5360
5351
5368
5370
5439
5450
5452
5403
5429
5424
5399
5412
5410
5059
5045
5016
5072
5096
5097
5098
5126
5127
5128
5117
5103
5100
5101
5145
5088
5091
5139
5130
5131
5075
5122
5135
5136
5267
5268
5269
5270
5254
5255
5228
5233
5236
5293
5296
5297
5298
5240
5307
5311
5291
5275
5282
5280
5210
5214
5204
5206
5207
5218
5219
5200
5201
5224
5191
5178
5184
5168
5169
5170
5153
5147
5158
6207
6202
5164
5165
6187
6181
6178
6218
6219
6255
6231
6232
6238
6241
6119
6100
6149
6150
6151
6156
6157
6165
6024
6026
6038
6035
6016
6046
6087
6079
6064
6072
6073
6068
6061
6059
5936
5970
5971
5972
5973
5974
5988
5989
5991
6009
6004
6005
5717
5729
5730
5737
5708
5705
5719
5720
5721
5748
5739
5741
5767
5770
5761
5762
5763
5949
5965
5777
5775
5652
5662
5657
5639
5669
5670
5664
5665
5672
5673
5674
5677
5678
5693
5694
5695
5686
5681
5627
5625
5834
5824
5804
5811
5812
5798
5795
5783
5790
5787
5920
5915
5890
10134
10140
10127
10231
10243
10259
10267
10269
10225
10196
10223
10026
10030
9980
9982
9974
9961
9967
9968
10076
9994
10083
10069
10070
10073
10059
9635
9632
9637
10021
9612
9649
9644
9640
9598
9605
9606
9697
9699
9693
9712
9946
9948
9919
9907
9904
9883
9876
9877
9878
9811
9817
9818
9834
9864
9219
9216
9214
9172
9157
9158
9147
9132
9133
9123
9125
9143
9136
9137
9210
9101
9103
9071
9063
9068
9059
9049
9051
8982
8979
8980
8992
8986
8984
8997
8994
9023
9027
8946
8952
8954
9015
8929
8932
8917
8876
8873
8868
8869
8881
8882
8888
8902
8893
8894
9562
9554
8898
9544
9583
9578
9595
9571
9573
9575
9506
9537
9533
9526
9528
9529
9479
9481
9482
9483
9485
9488
9490
9491
9499
9497
9503
9451
9461
9462
9455
9456
9457
9458
9464
9433
9410
9411
9420
9421
9436
9415
9294
9300
9304
9319
9324
9278
9257
9234
9238
9241
9244
9361
9332
9396
9386
7640
7629
7626
7622
7623
7651
7645
7696
7697
7698
7649
7687
7694
7692
7681
7672
7674
7676
7677
7666
7668
7663
7653
7655
7556
7565
7566
7567
7580
7581
7582
7558
7560
7561
7562
7547
7549
7550
7551
7544
7591
7596
7616
7613
7614
7815
7808
7805
7806
7833
7826
7829
7803
7813
7823
7859
7866
7872
7873
7846
7851
7852
7766
7767
7756
7757
7762
7764
7752
7750
7793
7783
7784
7775
7730
7731
7747
7718
7719
7716
7701
7702
7703
7704
7710
7711
7707
8164
8165
8124
8125
8121
8128
8129
8185
8174
8179
8133
8156
8138
7726
8051
8054
8063
8066
8068
8069
8034
8090
8100
8101
8115
8108
8087
8093
8094
8095
8040
8042
8073
8076
8013
8020
8032
8027
8010
8011
8001
7990
7991
7992
7985
7986
7976
7981
7982
7958
7959
7951
7966
7901
7897
7898
7893
7903
7911
7913
7936
7929
7930
7931
7923
7918
8579
8535
8540
8560
8563
8564
8566
8567
8568
8625
8614
8610
8602
8594
8585
8586
8588
8643
8660
8662
8653
8650
8648
8688
8683
8690
8674
8678
8679
8680
8692
8728
8733
8707
8716
8723
8748
8750
8753
8754
8772
8768
8765
8743
8808
8792
8835
8836
8837
8840
8832
8829
8850
8862
8856
8370
8373
8387
8399
8395
8408
8450
8444
8442
8436
8421
8422
8823
8801
8419
8417
8519
8516
8517
8522
8525
8503
8499
8508
8506
8485
8487
8491
8494
8501
8458
8459
8260
8247
8248
8277
8279
8271
8213
8214
8222
8217
8235
8236
8231
8299
8322
8324
8325
8340
8344
8345
8310
8358
8351
8355
8334
9459
6438
10289
10286
10406
8863
8327
7875
7553
8908
7371
6801
5911
5688
10840
10739
7266
7163
7045
8825
10456
10718
5917
5968
6430
7412
7271
8294
7447
5728
5611
7404
8319
8346
8341
8342
8343
8317
8234
8237
8238
8224
8225
8226
8220
8221
8278
8263
8468
8476
8473
8471
8529
8796
8548
8429
8446
8371
8372
8859
8793
8786
8814
8701
8775
8755
8756
8771
8718
8745
8681
8691
8685
8694
8634
8597
8615
8607
8570
8618
8565
7909
7940
8561
8580
8552
8577
7917
7944
7945
7912
7906
7895
7954
7978
7878
7972
8132
8019
8075
8079
8105
8038
8070
8067
8065
8062
8158
8162
8163
8181
7743
7773
7794
7835
9428
7871
7862
7865
7814
7817
7796
7802
7600
7589
7545
7559
7569
7664
7650
7659
7660
7621
7625
9365
7639
9338
9340
9389
9308
9313
9314
9315
9306
9245
9354
9242
9243
9239
9240
9258
9231
9297
9299
9268
9269
9256
9320
9321
9322
9323
9295
9280
9281
9416
9293
9407
9423
9454
9504
9505
9492
9576
9574
9572
9581
8899
9551
9548
9543
8897
8901
8925
9012
9013
8928
9019
9000
9029
8998
8987
9846
8991
8989
9052
8970
8971
8976
9050
9069
9075
9058
9093
9091
9086
9084
9080
9102
9205
9191
9128
9110
9111
9105
9142
9162
9198
9200
9201
9208
9213
9924
9921
9865
9851
9852
9224
9229
9221
9218
9822
9880
9888
9870
9890
9902
9928
9929
9930
9931
9910
9716
9944
9729
9735
9724
9607
9679
9685
9641
9662
9666
9659
9744
9745
9742
9780
9764
9620
10034
9634
9630
9622
10060
10049
10050
10055
10056
10044
10074
10062
10072
10085
9995
10077
10078
10079
10104
9976
9977
9960
10004
9992
9993
10028
10029
10224
10198
10199
10201
10010
10013
10024
10025
10218
10206
10211
10272
5823
10222
10253
10263
10128
10115
10173
10174
10166
10167
10151
10152
10153
10147
10148
10149
10156
10157
10158
10159
10160
10161
10162
10141
10131
10124
10125
10126
10135
10136
10137
10118
10145
10139
5788
5934
5808
5793
5794
5825
5636
6051
5837
5682
5691
5666
5655
5632
5779
5780
5701
5975
5939
6071
6040
6045
6027
6025
6163
6030
6170
6155
6091
6140
6144
6243
6244
6130
6253
6235
6213
6185
6193
6190
5155
5156
5163
5148
5149
5160
5172
5173
5151
5239
5177
5225
5226
5186
5188
5220
5222
5213
5281
5284
5285
5286
5288
5276
5277
5278
5310
5242
5243
5245
5246
5232
5248
5249
5261
5263
5134
5076
5092
5093
5142
5073
5070
5082
5083
5084
5085
5086
4664
4982
4984
4998
5000
5056
5044
5037
5032
5058
5400
5398
5404
5419
6921
5446
5362
5384
5389
5366
5326
5327
5348
5335
5489
5529
5510
5614
5549
5582
7155
5593
5594
7149
7151
7071
7051
6893
6890
6907
6964
6968
6940
6938
6948
7288
7334
7221
7237
7372
7319
7320
7346
7424
7415
7419
7400
7411
7413
7402
7383
7487
7467
6778
6744
6784
6695
6393
6750
6693
6704
6656
6280
6281
6626
6257
6268
6319
6361
6299
6386
6380
6436
6471
6472
6424
6411
6524
6533
6492
6509
6553
10285
10277
10367
10282
10384
10444
10716
10721
10724
10478
10476
10695
10544
10545
10539
10491
10785
10483
10887
10876
10813
10793
10556
6826
5258
7508
7484
7139
5512
5468
5294
5203
6124
6125
6133
10009
10116
10142
5930
10098
9975
9973
9979
10005
9610
9755
9905
9925
9941
9835
9178
9195
9005
9307
7605
7858
7883
8386
8375
8854
8305
5195
5453
5488
7152
7433
9227
7465
9230
7890
8866
7925
5009
5818
5997
6007
9920
9325
7880
7735
6849
8418
8331
10254
10194
9226
8947
10252
9643
9933
9803
9228
9094
9466
9264
9917
9940
9776
10215
8732
5569
4990
5704
5196
10880
7841
6106
8391
8762
9840
9067
8918
9972
10182
8145
10089
9536
9349
9357
7989
8141
5492
8642
5653
6172
6455
7357
10396
5026
10512
10274
5644
5545
8698
5440
10003
8624
7761
10114
5104
5464
5816
8089
7680
5049
7787
8242
6644
6845
5040
10891
7700
8606
10040
7381
5416
6105
5744
5023
5272
8659
7004
10865
8911
10022
5050
6174
6177
10205
9183
7820
7647
8934
9525
9074
10018
9956
9847
5393
6716
7191
8041
8627
8593
8725
8757
7656
8044
9232
9104
6126
10011
9824
5750
6262
7513
10467
10758
6878
5623
5894
5536
9053
10195
10111
9955
10051
6101
9288
9385
9347
9539
9510
7947
8711
8584
8274
9279
10298
9894
7009
8676
8175
9966
10132
10109
9392
9945
9909
10067
8842
5320
5189
5244
6081
5013
5961
5646
5649
7061
8781
9065
10749
9220
10047
10103
9626
6276
9952
6592
10511
10856
10326
10353
8332
7603
9937
9743
8714
10150
9949
9984
9981
10039
9827
5797
9270
6075
9041
9176
10107
9003
4996
5996
10181
10169
10032
10016
10189
8818
9193
6550
5842
6032
5043
9509
7884
10193
10832
10302
7831
9018
10129
10064
10058
9217
9417
9409
9593
9272
9366
9367
9362
9363
9364
9350
7362
7229
8812
6589
9866
10120
9473
5497
9873
6627
9371
10268
9918
9765
10773
10317
10459
8822
8526
8208
9248
9252
9341
9346
9512
9096
9097
9435
9077
9173
9192
9042
8965
8963
9848
9901
9858
9807
9869
9875
9672
9779
10101
10019
10020
10204
10187
5064
5253
5231
5229
5292
10106
10121
5041
5517
5475
6584
5365
5929
5406
5407
6285
6819
6277
6639
7209
7247
7101
8972
9970
10180
9730
10133
8362
8865
6233
5487
5573
9514
10427
9639
10081
6962
9318
9343
6318
7732
5983
7685
8543
8544
8651
8287
8350
8364
9879
10185
10130
10176
9604
10057
10063
10046
10100
10094
8889
10014
10006
9989
9037
9004
8968
9170
9154
9190
9406
6569
9289
9296
9317
9112
6403
6600
7039
5505
5454
5215
5250
5051
5921
5903
10706
7785
7636
6246
6152
7753
7818
8649
8348
8441
10017
9778
5984
5969
9100
5979
5329
5259
5183
5018
7440
6731
7285
6999
6326
8964
5421
7609
9812
9402
5071
6074
10321
10854
6825
5027
5473
9291
6793
10568
10045
10105
8599
9090
7886
5060
9881
9560
10110
8853
10108
9825
5556
6065
5063
5883
6572
10036
10037
10033
10092
10042
8962
9683
9615
9986
9987
10027
9997
10002
9690
9746
9760
9738
9668
9717
9719
9886
9887
9225
9174
9177
9426
9513
9592
9335
9303
9372
9378
9337
9330
9331
9276
9284
9285
8482
9251
9255
9259
7588
7874
9943
9233
5784
5055
5840
5035
5118
5119
5174
5146
5221
5181
5192
5260
5290
5274
5367
5382
5324
5332
5620
7394
7426
6922
7203
6275
6682
6469
6389
10065
10038
10048
9996
9991
10012
9983
10207
10197
10146
10165
10178
10138
10143
9212
9171
9932
9947
9202
9135
9120
9057
8981
9275
9430
9388
8323
8403
8598
10882
8669
8787
8043
8719
7604
7597
7801
8085
7937
10475
10401
10381
10356
8730
10347
7995
10754
5123
5580
10210
5299
6861
10102
7845
9862
9206
8605
8609
5432
4985
8975
8489
9914
6997
8887
5182
8628
8635
9957
10712
10276
9621
10418
10800
9748
9828
9935
10099
9596
10071
10080
9988
10031
10041
8886
8914
8916
8959
10188
10155
9223
9146
9401
9468
9545
9336
7683
9432
7574
8187
8194
7769
7772
7905
8328
8538
8509
8401
8369
8269
8240
8243
8290
7408
6306
6659
5805
6582
5740
6196
5005
5937
5394
5330
8961
5685
10296
8053
5523
8178
4989
5247
5264
5844
6616
6249
6466
7493
7090
7914
8008
9159
10801
10422
10383
10715
10530
5426
8050
10001
7218
6327
5308
10866
8717
8861
8641
9078
8182
8445
7040
7466
10389
10738
10699
7211
10416
10323
5301
8454
10408
10477
10768
10888
8841
8834
8671
9923
10068
10208
10213
6256
6535
6512
6551
7170
7043
5521
5352
5733
5645
6063
6702
7758
8254
8255
9342
8816
9054
9088
6764
7076
7828
8169
7610
10839
6521
7392
7222
8384
5999
6601
7714
6010
10850
6392
10819
7269
6161
10318
10190
6860
6763
10337
7225
7280
5736
5957
5479
5757
5796
6164
10246
8532
8665
10436
5994
7543
5941
6018
5434
5530
5588
7401
7534
7518
8035
8423
7661
5334
5668
6588
6654
7309
7454
5838
5845
5435
5634
5919
5319
5819
5409
5575
5579
5518
4999
5007
5038
5011
5527
5531
10177
5079
10242
8860
9374
9369
8335
8374
8539
8541
8629
8135
8798
8740
8171
10527
7788
8048
7824
8022
10301
7725
10859
10780
10279
7745
10261
8819
6314
5839
10288
6209
7470
9196
5054
10482
10428
10429
10407
10805
5061
5908
5265
5208
6000
8462
7310
7135
9010
8033
5030
9653
5571
10144
8724
10784
6444
5481
5338
6029
7960
7097
10820
5827
7892
8296
7256
6952
7046
5832
6418
6822
6192
5353
9014
9963
5380
7998
6137
6307
5273
10566
10504
10786
8652
5377
7646
6560
5859
10849
10439
9022
8668
10361
10485
10844
8734
9379
6559
6666
5289
10441
10694
6689
6759
6112
6097
6173
7358
6712
6362
6800
7849
8451
10299
8549
8060
8457
5003
5504
5496
5019
6683
6448
7287
7524
7150
10370
10743
8223
10164
5470
10518
10559
7510
10294
8472
9021
6216
6230
7274
10086
6988
6217
9642
5830
10817
7744
8695
10756
10300
5194
10281
10703
9376
8909
8518
8257
8831
7900
8799
8582
8180
8122
7695
9475
9821
7658
5650
6204
6891
6903
7233
7522
10790
10830
6665
10816
10787
10788
10488
10802
10534
10700
10571
10753
10750
10733
10464
10705
10437
6510
10292
6446
6441
6449
6450
6376
6388
6366
6481
6336
6628
6612
6621
6684
6726
6661
6757
6770
7481
7379
7389
7435
7321
7326
7215
7281
6951
7261
6942
6912
6901
6998
7053
7054
6920
7033
7093
7098
7056
7036
7048
7145
7136
7186
7123
7088
7180
7158
5547
5570
5490
5322
5538
5346
5347
5369
5354
5448
5428
5411
5121
5251
5230
5306
5279
5193
5176
5180
5166
6226
6236
6237
6240
6242
6028
6012
6048
6049
6069
6055
5995
5773
5966
5683
5853
5826
5820
5803
5782
10119
10168
10271
10257
10273
9686
9934
9838
9114
8990
9025
8930
8931
8874
9427
9394
7691
7699
7861
7854
7847
8183
8140
8131
7727
8045
8018
8002
7977
7987
7955
7952
7907
7934
8547
8620
8608
8626
8661
8631
8735
8666
8779
8788
8826
8424
8500
8453
8514
8245
8261
8292
8293
8365
8320
8352